{
  "nbformat": 4,
  "nbformat_minor": 0,
  "metadata": {
    "colab": {
      "name": "pperezsAlgorithmicToolboxWeek1Quadratic.ipynb.txt",
      "provenance": [],
      "collapsed_sections": [],
      "include_colab_link": true
    },
    "kernelspec": {
      "name": "python3",
      "display_name": "Python 3"
    }
  },
  "cells": [
    {
      "cell_type": "markdown",
      "metadata": {
        "id": "view-in-github",
        "colab_type": "text"
      },
      "source": [
        "<a href=\"https://colab.research.google.com/github/fmarquezf/MetNumUN2021I/blob/main/Lab10/fmarquezAlgorithmicToolboxWeek1Quadratic.ipynb\" target=\"_parent\"><img src=\"https://colab.research.google.com/assets/colab-badge.svg\" alt=\"Open In Colab\"/></a>"
      ]
    },
    {
      "cell_type": "markdown",
      "metadata": {
        "id": "OBc93xD1zMDD"
      },
      "source": [
        "# I. $LU$ factorization of a square matrix\n",
        "When we premultply $A$ by lower triangular elemetary matrices $\\Lambda_j$ it is trasfrommed in an  upper triangular matrix $U$\n",
        "\n",
        "$$  \\Lambda_{n-1}  \\ldots\\Lambda_2  \\Lambda_1 A  = U$$\n",
        "\n",
        "$$  A  = (\\Lambda_{n-1}  \\ldots\\Lambda_2  \\Lambda_2 )^{-1} U$$\n",
        "\n",
        "The inverse of a product of matrices is the revesre product of inverses\n",
        "$$  A  = (\\Lambda_1^{-1}  \\Lambda_2^{-1} \\ldots  \\Lambda_{n-1}^{-1}) U$$\n",
        "\n",
        "and inverse of a Lower Triangular Elemetary Matrix is minus the matrix $\\Lambda_j^{-1} = - \\Lambda_j$, so \n",
        "\n",
        "$$ A  =  (-\\Lambda_1) (-\\Lambda_2) \\ldots   (-\\Lambda_{n-1})  U$$\n",
        "\n",
        "So the $LU$ column pivot factorization is \n",
        "$$  A  = L U$$\n",
        "with\n",
        "$$ U = \\Lambda_{n-1}  \\ldots\\Lambda_2  \\Lambda_1 A  $$\n",
        "an upper triangular matrix\n",
        "$$ L  =  \\Lambda_1^{-1}  \\Lambda_2^{-1} \\ldots  \\Lambda_{n-1}^{-1} $$\n",
        "an lower triangular matrix."
      ]
    },
    {
      "cell_type": "markdown",
      "metadata": {
        "id": "dmO1wEA5zVVS"
      },
      "source": [
        "Consider a simple naive implementation of the LU decomposition. \n",
        "\n",
        "Note that we're using the `numpy` arrays to represent matrices [do **not** use `np.matrix`]."
      ]
    },
    {
      "cell_type": "code",
      "metadata": {
        "id": "0jzv0-yyzDM2"
      },
      "source": [
        "import numpy as np\n",
        "\n",
        "def diy_lu(a):\n",
        "    \"\"\"Construct the LU decomposition of the input matrix.\n",
        "    \n",
        "    Naive LU decomposition: work column by column, accumulate elementary triangular matrices.\n",
        "    No pivoting.\n",
        "    \"\"\"\n",
        "    N = a.shape[0]\n",
        "    \n",
        "    u = a.copy()\n",
        "    L = np.eye(N)\n",
        "    for j in range(N-1):\n",
        "        lam = np.eye(N)\n",
        "        gamma = u[j+1:, j] / u[j, j]\n",
        "        lam[j+1:, j] = -gamma\n",
        "        u = lam @ u\n",
        "\n",
        "        lam[j+1:, j] = gamma\n",
        "        L = L @ lam\n",
        "    return L, u"
      ],
      "execution_count": null,
      "outputs": []
    },
    {
      "cell_type": "code",
      "metadata": {
        "colab": {
          "base_uri": "https://localhost:8080/"
        },
        "id": "yW-cZc_qzd0Z",
        "outputId": "05e5d24c-9954-45e6-c359-b343a07f34c4"
      },
      "source": [
        "# Now, generate a full rank matrix and test the naive implementation\n",
        "\n",
        "import numpy as np\n",
        "\n",
        "N = 6\n",
        "a = np.zeros((N, N), dtype=float)\n",
        "for i in range(N):\n",
        "    for j in range(N):\n",
        "        a[i, j] = 3. / (0.6*i*j + 1)\n",
        "\n",
        "np.linalg.matrix_rank(a)"
      ],
      "execution_count": null,
      "outputs": [
        {
          "output_type": "execute_result",
          "data": {
            "text/plain": [
              "6"
            ]
          },
          "metadata": {
            "tags": []
          },
          "execution_count": 2
        }
      ]
    },
    {
      "cell_type": "code",
      "metadata": {
        "colab": {
          "base_uri": "https://localhost:8080/"
        },
        "id": "MJs7LATHzhZq",
        "outputId": "9da526f6-32d2-4de1-b9da-2f8f96f3a928"
      },
      "source": [
        "a"
      ],
      "execution_count": null,
      "outputs": [
        {
          "output_type": "execute_result",
          "data": {
            "text/plain": [
              "array([[3.        , 3.        , 3.        , 3.        , 3.        ,\n",
              "        3.        ],\n",
              "       [3.        , 1.875     , 1.36363636, 1.07142857, 0.88235294,\n",
              "        0.75      ],\n",
              "       [3.        , 1.36363636, 0.88235294, 0.65217391, 0.51724138,\n",
              "        0.42857143],\n",
              "       [3.        , 1.07142857, 0.65217391, 0.46875   , 0.36585366,\n",
              "        0.3       ],\n",
              "       [3.        , 0.88235294, 0.51724138, 0.36585366, 0.28301887,\n",
              "        0.23076923],\n",
              "       [3.        , 0.75      , 0.42857143, 0.3       , 0.23076923,\n",
              "        0.1875    ]])"
            ]
          },
          "metadata": {
            "tags": []
          },
          "execution_count": 8
        }
      ]
    },
    {
      "cell_type": "code",
      "metadata": {
        "id": "siqi2RnZzn9x"
      },
      "source": [
        "# Tweak the printing of floating-point numbers, for clarity\n",
        "np.set_printoptions(precision=3)"
      ],
      "execution_count": null,
      "outputs": []
    },
    {
      "cell_type": "code",
      "metadata": {
        "colab": {
          "base_uri": "https://localhost:8080/"
        },
        "id": "Y21gOqQ8zsqp",
        "outputId": "e955ee03-29f3-4222-9e2d-82e152c364c4"
      },
      "source": [
        "L, u = diy_lu(a)\n",
        "\n",
        "print(L, \"\\n\")\n",
        "print(u, \"\\n\")\n",
        "\n",
        "# Quick sanity check: L times U must equal the original matrix, up to floating-point errors.\n",
        "print(L@u - a)"
      ],
      "execution_count": null,
      "outputs": [
        {
          "output_type": "stream",
          "text": [
            "[[1.    0.    0.    0.    0.    0.   ]\n",
            " [1.    1.    0.    0.    0.    0.   ]\n",
            " [1.    1.455 1.    0.    0.    0.   ]\n",
            " [1.    1.714 1.742 1.    0.    0.   ]\n",
            " [1.    1.882 2.276 2.039 1.    0.   ]\n",
            " [1.    2.    2.671 2.944 2.354 1.   ]] \n",
            "\n",
            "[[ 3.000e+00  3.000e+00  3.000e+00  3.000e+00  3.000e+00  3.000e+00]\n",
            " [ 0.000e+00 -1.125e+00 -1.636e+00 -1.929e+00 -2.118e+00 -2.250e+00]\n",
            " [ 0.000e+00  0.000e+00  2.625e-01  4.574e-01  5.975e-01  7.013e-01]\n",
            " [ 0.000e+00  2.220e-16  0.000e+00 -2.197e-02 -4.480e-02 -6.469e-02]\n",
            " [ 0.000e+00 -4.528e-16  0.000e+00  6.939e-18  8.080e-04  1.902e-03]\n",
            " [ 0.000e+00  4.123e-16  0.000e+00 -1.634e-17  0.000e+00 -1.585e-05]] \n",
            "\n",
            "[[ 0.000e+00  0.000e+00  0.000e+00  0.000e+00  0.000e+00  0.000e+00]\n",
            " [ 0.000e+00  0.000e+00  0.000e+00  0.000e+00  0.000e+00  0.000e+00]\n",
            " [ 0.000e+00  0.000e+00 -1.110e-16  1.110e-16  1.110e-16 -5.551e-17]\n",
            " [ 0.000e+00  0.000e+00  3.331e-16 -2.220e-16 -5.551e-17  0.000e+00]\n",
            " [ 0.000e+00  0.000e+00  0.000e+00 -1.110e-16 -1.665e-16  0.000e+00]\n",
            " [ 0.000e+00  0.000e+00 -1.110e-16 -2.776e-16  1.110e-16  1.110e-16]]\n"
          ],
          "name": "stdout"
        }
      ]
    },
    {
      "cell_type": "markdown",
      "metadata": {
        "id": "oSvHYsWuza06"
      },
      "source": [
        "# II. The need for pivoting"
      ]
    },
    {
      "cell_type": "markdown",
      "metadata": {
        "id": "B6z9Gausz4lS"
      },
      "source": [
        "Let's tweak the matrix a little bit, we only change a single element:"
      ]
    },
    {
      "cell_type": "code",
      "metadata": {
        "id": "tkGx4QSTzxOo"
      },
      "source": [
        "a1 = a.copy()\n",
        "a1[1, 1] = 3"
      ],
      "execution_count": null,
      "outputs": []
    },
    {
      "cell_type": "code",
      "metadata": {
        "colab": {
          "base_uri": "https://localhost:8080/"
        },
        "id": "MiuSdcUcz_rK",
        "outputId": "1695d7de-01ff-4edf-f55a-c0aeadba06de"
      },
      "source": [
        "np.linalg.matrix_rank(a1)"
      ],
      "execution_count": null,
      "outputs": [
        {
          "output_type": "execute_result",
          "data": {
            "text/plain": [
              "6"
            ]
          },
          "metadata": {
            "tags": []
          },
          "execution_count": 12
        }
      ]
    },
    {
      "cell_type": "code",
      "metadata": {
        "colab": {
          "base_uri": "https://localhost:8080/"
        },
        "id": "NfvRXF3l0Czz",
        "outputId": "aab74de6-d5a3-40d1-aa20-ea3f4cc8fdf1"
      },
      "source": [
        "l, u = diy_lu(a1)\n",
        "\n",
        "print(l, u)"
      ],
      "execution_count": null,
      "outputs": [
        {
          "output_type": "stream",
          "text": [
            "[[nan nan nan nan nan nan]\n",
            " [nan nan nan nan nan nan]\n",
            " [nan nan nan nan nan nan]\n",
            " [nan nan nan nan nan nan]\n",
            " [nan nan nan nan nan nan]\n",
            " [nan nan nan nan nan nan]] [[nan nan nan nan nan nan]\n",
            " [nan nan nan nan nan nan]\n",
            " [nan nan nan nan nan nan]\n",
            " [nan nan nan nan nan nan]\n",
            " [nan nan nan nan nan nan]\n",
            " [nan nan nan nan nan nan]]\n"
          ],
          "name": "stdout"
        },
        {
          "output_type": "stream",
          "text": [
            "/usr/local/lib/python3.7/dist-packages/ipykernel_launcher.py:15: RuntimeWarning: divide by zero encountered in true_divide\n",
            "  from ipykernel import kernelapp as app\n",
            "/usr/local/lib/python3.7/dist-packages/ipykernel_launcher.py:17: RuntimeWarning: invalid value encountered in matmul\n",
            "/usr/local/lib/python3.7/dist-packages/ipykernel_launcher.py:20: RuntimeWarning: invalid value encountered in matmul\n",
            "/usr/local/lib/python3.7/dist-packages/ipykernel_launcher.py:15: RuntimeWarning: invalid value encountered in true_divide\n",
            "  from ipykernel import kernelapp as app\n"
          ],
          "name": "stderr"
        }
      ]
    },
    {
      "cell_type": "markdown",
      "metadata": {
        "id": "OqWxeK450I58"
      },
      "source": [
        "### Test II.1\n",
        "\n",
        "For a naive LU decomposition to work, all leading minors of a matrix should be non-zero. Check if this requirement is satisfied for the two matrices `a` and `a1`.\n",
        "\n",
        "(20% of the grade)"
      ]
    },
    {
      "cell_type": "code",
      "metadata": {
        "colab": {
          "base_uri": "https://localhost:8080/"
        },
        "id": "nrDIJAjl0H0d",
        "outputId": "9e7dcf91-17b5-4ce8-fc5a-48573f5894df"
      },
      "source": [
        "def leading_minors_test(A):\n",
        "   \"\"\"\n",
        "    Function to check all leading Minors of a Matrix not equal to 0\n",
        "   \"\"\"\n",
        "   # ... ENTER YOUR CODE HERE ...\n",
        "   for i in range(int(A.size**0.5)):\n",
        "     Num = A[i,i]\n",
        "     if Num ==0:\n",
        "       return False\n",
        "       break\n",
        "   return True\n",
        "\n",
        "leading_minors_test(a), leading_minors_test(a1)"
      ],
      "execution_count": null,
      "outputs": [
        {
          "output_type": "execute_result",
          "data": {
            "text/plain": [
              "(True, True)"
            ]
          },
          "metadata": {
            "tags": []
          },
          "execution_count": 14
        }
      ]
    },
    {
      "cell_type": "markdown",
      "metadata": {
        "id": "Qs8AJkWd0XXQ"
      },
      "source": [
        "### Test II.2\n",
        "\n",
        "Modify the `diy_lu` routine to implement column pivoting. Keep track of pivots, you can either construct a permutation matrix, or a swap array (your choice).\n",
        "\n",
        "(40% of the grade)\n",
        "\n",
        "Implement a function to reconstruct the original matrix from a decompositon. Test your routines on the matrices `a` and `a1`.\n",
        "\n",
        "(40% of the grade)"
      ]
    },
    {
      "cell_type": "markdown",
      "metadata": {
        "id": "tUb6w3y60eyP"
      },
      "source": [
        "# 2. $LU$ factorization column pivoting\n",
        "When we premultply $A$ by elementary permutation matricex$P_j$( to find a good pivot) and the premultply by lower triangular elemetary matrices $\\Lambda_j$  it is trasfrommed in an  upper triangular matrix $U$\n",
        "\n",
        "$$  \\Lambda_{n-1} P_{n-1} \\ldots \\Lambda_2 P_2 \\Lambda_1 P_1 A  = U$$\n",
        "$$  A  = (\\Lambda_{n-1} P_{n-1} \\ldots \\Lambda_2 P_2 \\Lambda_1 P_1)^{-1} U$$\n",
        "\n",
        "with\n",
        "\n",
        "\\begin{array}{ll}L  &=  (\\Lambda_{n-1} P_{n-1} \\ldots \\Lambda_2 P_2 \\Lambda_1 P_1)^{-1}\\\\\n",
        "&= P_1^{-1} \\Lambda_1^{-1} P_2^{-1} \\Lambda_2^{-1} \\ldots  P_{n-1}^{-1}\\\\\n",
        " &= P_1^{t} (-\\Lambda_1) P_2^{t} (-\\Lambda_2) \\ldots  P_{n-1}^{t} (-\\Lambda_{n-1})\n",
        "\\end{array}\n",
        "\n",
        "\n",
        "\n",
        "Because the inverse a of a Lower Triangular Elemetary Matrix is minus the matrix $\\Lambda_i^{-1} = - \\Lambda_i$ and the inverse of a Permutation Matrix (in particular an elementary permutation matrix)  is its transpose [math.stackexchange](\n",
        "        https://math.stackexchange.com/questions/98549/the-transpose-of-a-permutation-matrix-is-its-inverse#:~:text=Taking%20the%20transpose%20of%20P,Pt%3DP%E2%88%921.)  $P_i^{-1}=P_i^{t}$, so\n",
        "\n",
        "\n",
        "If we use \n",
        "$$  \\hat{L}  = (\\Lambda_{n-1}  \\ldots \\Lambda_2\\Lambda_1)^{-1}$$\n",
        "The inverse of a product of matrices is the revesre product of inverses \n",
        "$$ \\hat{L} = \\Lambda_1^{-1}\\Lambda_2^{-1} \\ldots  \\Lambda_{n-1}^{-1} $$\n",
        "the inverse a of a Lower Triangular Elemetary Matrix is minus the matrix $\\Lambda_i^{-1} = - \\Lambda_i$\n",
        "$$ \\hat{L} = (-\\Lambda_1)  (-\\Lambda_2) \\ldots  (-\\Lambda_{n-1}) $$\n",
        "\n",
        "Then\n",
        "$$    A_\\pi  = \\hat{L} U$$\n",
        "with $A_\\pi$ equal to $A$ with rows permutated acoording to some permutation $\\pi$\n",
        "\n",
        "Equiavlently \n",
        "$$   A  = (\\hat{L}U)_{\\pi'}$$\n",
        " $(\\hat{L}U)_{\\pi'}$ equal to $\\hat{L}U$ with rows permutated acoording to some permutation $\\pi'$"
      ]
    },
    {
      "cell_type": "code",
      "metadata": {
        "id": "jUro86AH0RJE"
      },
      "source": [
        "def diy_lu_column_pivot(A):\n",
        "    \n",
        "    #Get the number of rows\n",
        "    n = A.shape[0]\n",
        "    \n",
        "    #Allocate space for P, L, and U\n",
        "    U = A.copy()\n",
        "    L = np.eye(n, dtype=np.double)\n",
        "    P = np.eye(n, dtype=np.double)\n",
        "    \n",
        "    #Loop over rows\n",
        "    for i in range(n):\n",
        "        \n",
        "        #Permute rows if needed\n",
        "        for k in range(i, n): \n",
        "            if ~np.isclose(U[i, i], 0.0):\n",
        "                break\n",
        "            U[[k, k+1]] = U[[k+1, k]]\n",
        "            P[[k, k+1]] = P[[k+1, k]]\n",
        "            \n",
        "        #Eliminate entries below i with row \n",
        "        #operations on U and #reverse the row \n",
        "        #operations to manipulate L\n",
        "        factor = U[i+1:, i] / U[i, i]\n",
        "        L[i+1:, i] = factor\n",
        "        U[i+1:] -= factor[:, np.newaxis] * U[i]\n",
        "        \n",
        "    return L, U, P"
      ],
      "execution_count": null,
      "outputs": []
    },
    {
      "cell_type": "code",
      "metadata": {
        "colab": {
          "base_uri": "https://localhost:8080/"
        },
        "id": "oCa4b90-0uD7",
        "outputId": "b3517cbb-f958-4902-bd44-0bbf36f2a22f"
      },
      "source": [
        "N = 6\n",
        "a = np.zeros((N, N), dtype=float)\n",
        "for i in range(N):\n",
        "    for j in range(N):\n",
        "        a[i, j] = 3. / (0.6*i*j + 1)\n",
        "        \n",
        "L, u, P = diy_lu_column_pivot(a)\n",
        "\n",
        "print(\"L\\n\",L, \"\\n\")\n",
        "print(\"u\\n\",u, \"\\n\")\n",
        "print(\"L@u\\n\", L@u, \"\\n\")\n",
        "print(\"a\\n\",a, \"\\n\")\n",
        "print(\"P\\n\", P, \"\\n\")\n",
        "print(\"P@L@u\\n\", P@L@u, \"\\n\")\n",
        "print(\"a\\n\",a, \"\\n\")"
      ],
      "execution_count": null,
      "outputs": [
        {
          "output_type": "stream",
          "text": [
            "L\n",
            " [[1.    0.    0.    0.    0.    0.   ]\n",
            " [1.    1.    0.    0.    0.    0.   ]\n",
            " [1.    1.455 1.    0.    0.    0.   ]\n",
            " [1.    1.714 1.742 1.    0.    0.   ]\n",
            " [1.    1.882 2.276 2.039 1.    0.   ]\n",
            " [1.    2.    2.671 2.944 2.354 1.   ]] \n",
            "\n",
            "u\n",
            " [[ 3.000e+00  3.000e+00  3.000e+00  3.000e+00  3.000e+00  3.000e+00]\n",
            " [ 0.000e+00 -1.125e+00 -1.636e+00 -1.929e+00 -2.118e+00 -2.250e+00]\n",
            " [ 0.000e+00  0.000e+00  2.625e-01  4.574e-01  5.975e-01  7.013e-01]\n",
            " [ 0.000e+00  2.220e-16  0.000e+00 -2.197e-02 -4.480e-02 -6.469e-02]\n",
            " [ 0.000e+00 -4.528e-16  0.000e+00  6.939e-18  8.080e-04  1.902e-03]\n",
            " [ 0.000e+00  4.123e-16  0.000e+00 -1.634e-17  0.000e+00 -1.585e-05]] \n",
            "\n",
            "L@u\n",
            " [[3.    3.    3.    3.    3.    3.   ]\n",
            " [3.    1.875 1.364 1.071 0.882 0.75 ]\n",
            " [3.    1.364 0.882 0.652 0.517 0.429]\n",
            " [3.    1.071 0.652 0.469 0.366 0.3  ]\n",
            " [3.    0.882 0.517 0.366 0.283 0.231]\n",
            " [3.    0.75  0.429 0.3   0.231 0.188]] \n",
            "\n",
            "a\n",
            " [[3.    3.    3.    3.    3.    3.   ]\n",
            " [3.    1.875 1.364 1.071 0.882 0.75 ]\n",
            " [3.    1.364 0.882 0.652 0.517 0.429]\n",
            " [3.    1.071 0.652 0.469 0.366 0.3  ]\n",
            " [3.    0.882 0.517 0.366 0.283 0.231]\n",
            " [3.    0.75  0.429 0.3   0.231 0.188]] \n",
            "\n",
            "P\n",
            " [[1. 0. 0. 0. 0. 0.]\n",
            " [0. 1. 0. 0. 0. 0.]\n",
            " [0. 0. 1. 0. 0. 0.]\n",
            " [0. 0. 0. 1. 0. 0.]\n",
            " [0. 0. 0. 0. 1. 0.]\n",
            " [0. 0. 0. 0. 0. 1.]] \n",
            "\n",
            "P@L@u\n",
            " [[3.    3.    3.    3.    3.    3.   ]\n",
            " [3.    1.875 1.364 1.071 0.882 0.75 ]\n",
            " [3.    1.364 0.882 0.652 0.517 0.429]\n",
            " [3.    1.071 0.652 0.469 0.366 0.3  ]\n",
            " [3.    0.882 0.517 0.366 0.283 0.231]\n",
            " [3.    0.75  0.429 0.3   0.231 0.188]] \n",
            "\n",
            "a\n",
            " [[3.    3.    3.    3.    3.    3.   ]\n",
            " [3.    1.875 1.364 1.071 0.882 0.75 ]\n",
            " [3.    1.364 0.882 0.652 0.517 0.429]\n",
            " [3.    1.071 0.652 0.469 0.366 0.3  ]\n",
            " [3.    0.882 0.517 0.366 0.283 0.231]\n",
            " [3.    0.75  0.429 0.3   0.231 0.188]] \n",
            "\n"
          ],
          "name": "stdout"
        }
      ]
    },
    {
      "cell_type": "code",
      "metadata": {
        "colab": {
          "base_uri": "https://localhost:8080/"
        },
        "id": "473EfeLC0ztJ",
        "outputId": "62fb8c47-4a5e-490f-a478-fbd6b562b84f"
      },
      "source": [
        "a1 = a.copy()\n",
        "a1[1, 1] = 3\n",
        "\n",
        "L, u , P = diy_lu_column_pivot(a1)\n",
        "\n",
        "print(\"L\\n\",L, \"\\n\")\n",
        "print(\"u\\n\",u, \"\\n\")\n",
        "print(\"L@u\\n\", L@u, \"\\n\")\n",
        "print(\"a\\n\",a, \"\\n\")\n",
        "print(\"P\\n\", P, \"\\n\")\n",
        "print(\"P@L@u\\n\", P@L@u, \"\\n\")\n",
        "print(\"a\\n\",a, \"\\n\")"
      ],
      "execution_count": null,
      "outputs": [
        {
          "output_type": "stream",
          "text": [
            "L\n",
            " [[ 1.     0.     0.     0.     0.     0.   ]\n",
            " [ 1.     1.     0.     0.     0.     0.   ]\n",
            " [ 1.    -0.     1.     0.     0.     0.   ]\n",
            " [ 1.     1.179 -0.09   1.     0.     0.   ]\n",
            " [ 1.     1.294 -0.157  1.635  1.     0.   ]\n",
            " [ 1.     1.375 -0.208  2.07   2.082  1.   ]] \n",
            "\n",
            "u\n",
            " [[ 3.000e+00  3.000e+00  3.000e+00  3.000e+00  3.000e+00  3.000e+00]\n",
            " [ 0.000e+00 -1.636e+00 -2.118e+00 -2.348e+00 -2.483e+00 -2.571e+00]\n",
            " [ 0.000e+00  0.000e+00 -1.636e+00 -1.929e+00 -2.118e+00 -2.250e+00]\n",
            " [ 0.000e+00  2.220e-16  0.000e+00  6.143e-02  1.005e-01  1.272e-01]\n",
            " [ 0.000e+00 -3.631e-16  0.000e+00  0.000e+00 -1.830e-03 -3.810e-03]\n",
            " [ 0.000e+00  2.966e-16  0.000e+00  0.000e+00 -4.337e-19  2.567e-05]] \n",
            "\n",
            "L@u\n",
            " [[3.    3.    3.    3.    3.    3.   ]\n",
            " [3.    1.364 0.882 0.652 0.517 0.429]\n",
            " [3.    3.    1.364 1.071 0.882 0.75 ]\n",
            " [3.    1.071 0.652 0.469 0.366 0.3  ]\n",
            " [3.    0.882 0.517 0.366 0.283 0.231]\n",
            " [3.    0.75  0.429 0.3   0.231 0.188]] \n",
            "\n",
            "a\n",
            " [[3.    3.    3.    3.    3.    3.   ]\n",
            " [3.    1.875 1.364 1.071 0.882 0.75 ]\n",
            " [3.    1.364 0.882 0.652 0.517 0.429]\n",
            " [3.    1.071 0.652 0.469 0.366 0.3  ]\n",
            " [3.    0.882 0.517 0.366 0.283 0.231]\n",
            " [3.    0.75  0.429 0.3   0.231 0.188]] \n",
            "\n",
            "P\n",
            " [[1. 0. 0. 0. 0. 0.]\n",
            " [0. 0. 1. 0. 0. 0.]\n",
            " [0. 1. 0. 0. 0. 0.]\n",
            " [0. 0. 0. 1. 0. 0.]\n",
            " [0. 0. 0. 0. 1. 0.]\n",
            " [0. 0. 0. 0. 0. 1.]] \n",
            "\n",
            "P@L@u\n",
            " [[3.    3.    3.    3.    3.    3.   ]\n",
            " [3.    3.    1.364 1.071 0.882 0.75 ]\n",
            " [3.    1.364 0.882 0.652 0.517 0.429]\n",
            " [3.    1.071 0.652 0.469 0.366 0.3  ]\n",
            " [3.    0.882 0.517 0.366 0.283 0.231]\n",
            " [3.    0.75  0.429 0.3   0.231 0.188]] \n",
            "\n",
            "a\n",
            " [[3.    3.    3.    3.    3.    3.   ]\n",
            " [3.    1.875 1.364 1.071 0.882 0.75 ]\n",
            " [3.    1.364 0.882 0.652 0.517 0.429]\n",
            " [3.    1.071 0.652 0.469 0.366 0.3  ]\n",
            " [3.    0.882 0.517 0.366 0.283 0.231]\n",
            " [3.    0.75  0.429 0.3   0.231 0.188]] \n",
            "\n"
          ],
          "name": "stdout"
        }
      ]
    },
    {
      "cell_type": "code",
      "metadata": {
        "colab": {
          "base_uri": "https://localhost:8080/",
          "height": 346
        },
        "id": "yafNw7uY04At",
        "outputId": "75177d5a-e22d-4aeb-d509-c7afab093c03"
      },
      "source": [
        "a2 = np.array([[4.0,3.0,1.0], [5.0,7.0,0.0], [9.0,9.0,3.0], [8.0,2.0,4.0]])\n",
        "\n",
        "L, u, P = diy_lu_column_pivot(a2)\n",
        "\n",
        "print(\"L\\n\",L, \"\\n\")\n",
        "print(\"u\\n\",u, \"\\n\")\n",
        "print(\"L@u\\n\", L@u, \"\\n\")\n",
        "print(\"a\\n\",a, \"\\n\")\n",
        "print(\"P\\n\", P, \"\\n\")\n",
        "print(\"P@L@u\\n\", P@L@u, \"\\n\")\n",
        "print(\"a\\n\",a, \"\\n\")"
      ],
      "execution_count": null,
      "outputs": [
        {
          "output_type": "error",
          "ename": "IndexError",
          "evalue": "ignored",
          "traceback": [
            "\u001b[0;31m---------------------------------------------------------------------------\u001b[0m",
            "\u001b[0;31mIndexError\u001b[0m                                Traceback (most recent call last)",
            "\u001b[0;32m<ipython-input-27-3d98305d1ecb>\u001b[0m in \u001b[0;36m<module>\u001b[0;34m()\u001b[0m\n\u001b[1;32m      1\u001b[0m \u001b[0ma2\u001b[0m \u001b[0;34m=\u001b[0m \u001b[0mnp\u001b[0m\u001b[0;34m.\u001b[0m\u001b[0marray\u001b[0m\u001b[0;34m(\u001b[0m\u001b[0;34m[\u001b[0m\u001b[0;34m[\u001b[0m\u001b[0;36m4.0\u001b[0m\u001b[0;34m,\u001b[0m\u001b[0;36m3.0\u001b[0m\u001b[0;34m,\u001b[0m\u001b[0;36m1.0\u001b[0m\u001b[0;34m]\u001b[0m\u001b[0;34m,\u001b[0m \u001b[0;34m[\u001b[0m\u001b[0;36m5.0\u001b[0m\u001b[0;34m,\u001b[0m\u001b[0;36m7.0\u001b[0m\u001b[0;34m,\u001b[0m\u001b[0;36m0.0\u001b[0m\u001b[0;34m]\u001b[0m\u001b[0;34m,\u001b[0m \u001b[0;34m[\u001b[0m\u001b[0;36m9.0\u001b[0m\u001b[0;34m,\u001b[0m\u001b[0;36m9.0\u001b[0m\u001b[0;34m,\u001b[0m\u001b[0;36m3.0\u001b[0m\u001b[0;34m]\u001b[0m\u001b[0;34m,\u001b[0m \u001b[0;34m[\u001b[0m\u001b[0;36m8.0\u001b[0m\u001b[0;34m,\u001b[0m\u001b[0;36m2.0\u001b[0m\u001b[0;34m,\u001b[0m\u001b[0;36m4.0\u001b[0m\u001b[0;34m]\u001b[0m\u001b[0;34m]\u001b[0m\u001b[0;34m)\u001b[0m\u001b[0;34m\u001b[0m\u001b[0;34m\u001b[0m\u001b[0m\n\u001b[1;32m      2\u001b[0m \u001b[0;34m\u001b[0m\u001b[0m\n\u001b[0;32m----> 3\u001b[0;31m \u001b[0mL\u001b[0m\u001b[0;34m,\u001b[0m \u001b[0mu\u001b[0m\u001b[0;34m,\u001b[0m \u001b[0mP\u001b[0m \u001b[0;34m=\u001b[0m \u001b[0mdiy_lu_column_pivot\u001b[0m\u001b[0;34m(\u001b[0m\u001b[0ma2\u001b[0m\u001b[0;34m)\u001b[0m\u001b[0;34m\u001b[0m\u001b[0;34m\u001b[0m\u001b[0m\n\u001b[0m\u001b[1;32m      4\u001b[0m \u001b[0;34m\u001b[0m\u001b[0m\n\u001b[1;32m      5\u001b[0m \u001b[0mprint\u001b[0m\u001b[0;34m(\u001b[0m\u001b[0;34m\"L\\n\"\u001b[0m\u001b[0;34m,\u001b[0m\u001b[0mL\u001b[0m\u001b[0;34m,\u001b[0m \u001b[0;34m\"\\n\"\u001b[0m\u001b[0;34m)\u001b[0m\u001b[0;34m\u001b[0m\u001b[0;34m\u001b[0m\u001b[0m\n",
            "\u001b[0;32m<ipython-input-26-40e81b3f79b2>\u001b[0m in \u001b[0;36mdiy_lu_column_pivot\u001b[0;34m(A)\u001b[0m\n\u001b[1;32m     14\u001b[0m         \u001b[0;31m#Permute rows if needed\u001b[0m\u001b[0;34m\u001b[0m\u001b[0;34m\u001b[0m\u001b[0;34m\u001b[0m\u001b[0m\n\u001b[1;32m     15\u001b[0m         \u001b[0;32mfor\u001b[0m \u001b[0mk\u001b[0m \u001b[0;32min\u001b[0m \u001b[0mrange\u001b[0m\u001b[0;34m(\u001b[0m\u001b[0mi\u001b[0m\u001b[0;34m,\u001b[0m \u001b[0mn\u001b[0m\u001b[0;34m)\u001b[0m\u001b[0;34m:\u001b[0m\u001b[0;34m\u001b[0m\u001b[0;34m\u001b[0m\u001b[0m\n\u001b[0;32m---> 16\u001b[0;31m             \u001b[0;32mif\u001b[0m \u001b[0;34m~\u001b[0m\u001b[0mnp\u001b[0m\u001b[0;34m.\u001b[0m\u001b[0misclose\u001b[0m\u001b[0;34m(\u001b[0m\u001b[0mU\u001b[0m\u001b[0;34m[\u001b[0m\u001b[0mi\u001b[0m\u001b[0;34m,\u001b[0m \u001b[0mi\u001b[0m\u001b[0;34m]\u001b[0m\u001b[0;34m,\u001b[0m \u001b[0;36m0.0\u001b[0m\u001b[0;34m)\u001b[0m \u001b[0;32mor\u001b[0m \u001b[0;34m~\u001b[0m\u001b[0mnp\u001b[0m\u001b[0;34m.\u001b[0m\u001b[0misclose\u001b[0m\u001b[0;34m(\u001b[0m\u001b[0mU\u001b[0m\u001b[0;34m[\u001b[0m\u001b[0mi\u001b[0m\u001b[0;34m,\u001b[0m \u001b[0mi\u001b[0m\u001b[0;34m,\u001b[0m \u001b[0mi\u001b[0m\u001b[0;34m]\u001b[0m\u001b[0;34m,\u001b[0m \u001b[0;36m0.0\u001b[0m\u001b[0;34m)\u001b[0m\u001b[0;34m:\u001b[0m\u001b[0;34m\u001b[0m\u001b[0;34m\u001b[0m\u001b[0m\n\u001b[0m\u001b[1;32m     17\u001b[0m                 \u001b[0;32mbreak\u001b[0m\u001b[0;34m\u001b[0m\u001b[0;34m\u001b[0m\u001b[0m\n\u001b[1;32m     18\u001b[0m             \u001b[0mU\u001b[0m\u001b[0;34m[\u001b[0m\u001b[0;34m[\u001b[0m\u001b[0mk\u001b[0m\u001b[0;34m,\u001b[0m \u001b[0mk\u001b[0m\u001b[0;34m+\u001b[0m\u001b[0;36m1\u001b[0m\u001b[0;34m]\u001b[0m\u001b[0;34m]\u001b[0m \u001b[0;34m=\u001b[0m \u001b[0mU\u001b[0m\u001b[0;34m[\u001b[0m\u001b[0;34m[\u001b[0m\u001b[0mk\u001b[0m\u001b[0;34m+\u001b[0m\u001b[0;36m1\u001b[0m\u001b[0;34m,\u001b[0m \u001b[0mk\u001b[0m\u001b[0;34m]\u001b[0m\u001b[0;34m]\u001b[0m\u001b[0;34m\u001b[0m\u001b[0;34m\u001b[0m\u001b[0m\n",
            "\u001b[0;31mIndexError\u001b[0m: index 3 is out of bounds for axis 1 with size 3"
          ]
        }
      ]
    },
    {
      "cell_type": "markdown",
      "metadata": {
        "id": "h1F1gBbj08Py"
      },
      "source": [
        "# 3. $LU$ factorization column pivoting and reconstruction\n",
        "When we premultply $A$ by elementary permutation matricex$P_j$( to find a good pivot) and the premultply by lower triangular elemetary matrices $\\Lambda_j$  it is trasfrommed in an  upper triangular matrix $U$\n",
        "\n",
        "$$  \\Lambda_{n-1} P_{n-1} \\ldots \\Lambda_2 P_2 \\Lambda_1 P_1 A  = U$$\n",
        "$$  A  = (\\Lambda_{n-1} P_{n-1} \\ldots \\Lambda_2 P_2 \\Lambda_1 P_1)^{-1} U$$\n",
        "$$  A  = (\\Lambda_{n-1} P_{n-1} \\ldots \\Lambda_2 P_2 \\Lambda_1 P_1)^{-1} U$$\n",
        "\n",
        "The inverse of a product of matrices is the revesre product of inverses \n",
        "$$  A  = ( P_1^{-1} \\Lambda_1^{-1} P_2^{-1} \\Lambda_2^{-1} \\ldots  P_{n-1}^{-1}\\Lambda_{n-1}^{-1} ) U$$\n",
        "\n",
        "So the $LU$ column pivot factorization is \n",
        "$$  A  = L U$$\n",
        "with\n",
        "$$ U = \\Lambda_{n-1} P_{n-1} \\ldots \\Lambda_2 P_2 \\Lambda_1 P_1 A  $$\n",
        "\n",
        "\n",
        "\n",
        "$$ L  = P_1^{-1} \\Lambda_1^{-1} P_2^{-1} \\Lambda_2^{-1} \\ldots  P_{n-1}^{-1}\\Lambda_{n-1}^{-1} $$\n",
        "\n",
        "the inverse a of a Lower Triangular Elemetary Matrix is minus the matrix $\\Lambda_i^{-1} = - \\Lambda_i$ and the inverse of a Permutation Matrix (in particular an elementary permutation matrix)  is its transpose [math.stackexchange](\n",
        "        https://math.stackexchange.com/questions/98549/the-transpose-of-a-permutation-matrix-is-its-inverse#:~:text=Taking%20the%20transpose%20of%20P,Pt%3DP%E2%88%921.)  $P_i^{-1}=P_i^{t}$, so\n",
        "\n",
        "$$ L  =  P_1^{t} (-\\Lambda_1) P_2^{t} (-\\Lambda_2) \\ldots  P_{n-1}^{t} (-\\Lambda_{n-1}) $$\n"
      ]
    },
    {
      "cell_type": "code",
      "metadata": {
        "id": "16uuRFJu09YM"
      },
      "source": [
        "def diy_lu_column_pivot_reconstruct(A):\n",
        "    \n",
        "    #Get the number of rows\n",
        "    n = A.shape[0]\n",
        "    \n",
        "    U = A.copy()\n",
        "    L = np.eye(n, dtype=np.double)\n",
        "    \n",
        "    #Loop over rows\n",
        "    for i in range(n):\n",
        "            \n",
        "        #Eliminate entries below i with row operations \n",
        "        #on U and reverse the row operations to \n",
        "        #manipulate L\n",
        "        factor = U[i+1:, i] / U[i, i]\n",
        "        L[i+1:, i] = factor\n",
        "        U[i+1:] -= factor[:, np.newaxis] * U[i]\n",
        "        \n",
        "    return L, U"
      ],
      "execution_count": null,
      "outputs": []
    },
    {
      "cell_type": "code",
      "metadata": {
        "colab": {
          "base_uri": "https://localhost:8080/"
        },
        "id": "XIpfRzl21IDH",
        "outputId": "515ff2ed-6476-4b93-be60-90aa2f6504ca"
      },
      "source": [
        "N = 6\n",
        "a = np.zeros((N, N), dtype=float)\n",
        "for i in range(N):\n",
        "    for j in range(N):\n",
        "        a[i, j] = 3. / (0.6*i*j + 1)\n",
        "\n",
        "L, u = diy_lu_column_pivot_reconstruct(a)\n",
        "\n",
        "print(\"L\\n\",L, \"\\n\")\n",
        "print(\"u\\n\",u, \"\\n\")\n",
        "print(\"L@u\\n\", L@u, \"\\n\")\n",
        "print(\"a\\n\",a, \"\\n\")"
      ],
      "execution_count": null,
      "outputs": [
        {
          "output_type": "stream",
          "text": [
            "L\n",
            " [[1.    0.    0.    0.    0.    0.   ]\n",
            " [1.    1.    0.    0.    0.    0.   ]\n",
            " [1.    1.455 1.    0.    0.    0.   ]\n",
            " [1.    1.714 1.742 1.    0.    0.   ]\n",
            " [1.    1.882 2.276 2.039 1.    0.   ]\n",
            " [1.    2.    2.671 2.944 2.354 1.   ]] \n",
            "\n",
            "u\n",
            " [[ 3.000e+00  3.000e+00  3.000e+00  3.000e+00  3.000e+00  3.000e+00]\n",
            " [ 0.000e+00 -1.125e+00 -1.636e+00 -1.929e+00 -2.118e+00 -2.250e+00]\n",
            " [ 0.000e+00  0.000e+00  2.625e-01  4.574e-01  5.975e-01  7.013e-01]\n",
            " [ 0.000e+00  2.220e-16  0.000e+00 -2.197e-02 -4.480e-02 -6.469e-02]\n",
            " [ 0.000e+00 -4.528e-16  0.000e+00  6.939e-18  8.080e-04  1.902e-03]\n",
            " [ 0.000e+00  4.123e-16  0.000e+00 -1.634e-17  0.000e+00 -1.585e-05]] \n",
            "\n",
            "L@u\n",
            " [[3.    3.    3.    3.    3.    3.   ]\n",
            " [3.    1.875 1.364 1.071 0.882 0.75 ]\n",
            " [3.    1.364 0.882 0.652 0.517 0.429]\n",
            " [3.    1.071 0.652 0.469 0.366 0.3  ]\n",
            " [3.    0.882 0.517 0.366 0.283 0.231]\n",
            " [3.    0.75  0.429 0.3   0.231 0.188]] \n",
            "\n",
            "a\n",
            " [[3.    3.    3.    3.    3.    3.   ]\n",
            " [3.    1.875 1.364 1.071 0.882 0.75 ]\n",
            " [3.    1.364 0.882 0.652 0.517 0.429]\n",
            " [3.    1.071 0.652 0.469 0.366 0.3  ]\n",
            " [3.    0.882 0.517 0.366 0.283 0.231]\n",
            " [3.    0.75  0.429 0.3   0.231 0.188]] \n",
            "\n"
          ],
          "name": "stdout"
        }
      ]
    },
    {
      "cell_type": "code",
      "metadata": {
        "colab": {
          "base_uri": "https://localhost:8080/"
        },
        "id": "Ea5i2TSF1RPx",
        "outputId": "36d146a2-c442-41c1-be17-978f5a828e7e"
      },
      "source": [
        "a1 = a.copy()\n",
        "a1[1, 1] = 3\n",
        "\n",
        "L, u, = diy_lu_column_pivot_reconstruct(a1)\n",
        "\n",
        "print(\"L\\n\",L, \"\\n\")\n",
        "print(\"u\\n\",u, \"\\n\")\n",
        "print(\"L@u\\n\", L@u, \"\\n\")\n",
        "print(\"a2\\n\",a1, \"\\n\")\n",
        "\n",
        "# Quick sanity check: L times U must equal the original matrix, up to floating-point errors.\n",
        "print(\"L@u - a1\\n\",L@u - a1, \"\\n\")"
      ],
      "execution_count": null,
      "outputs": [
        {
          "output_type": "stream",
          "text": [
            "L\n",
            " [[  1.   0.   0.   0.   0.   0.]\n",
            " [  1.   1.   0.   0.   0.   0.]\n",
            " [  1. -inf   1.   0.   0.   0.]\n",
            " [  1. -inf  nan   1.   0.   0.]\n",
            " [  1. -inf  nan  nan   1.   0.]\n",
            " [  1. -inf  nan  nan  nan   1.]] \n",
            "\n",
            "u\n",
            " [[ 3.     3.     3.     3.     3.     3.   ]\n",
            " [ 0.     0.    -1.636 -1.929 -2.118 -2.25 ]\n",
            " [   nan    nan   -inf   -inf   -inf   -inf]\n",
            " [   nan    nan    nan    nan    nan    nan]\n",
            " [   nan    nan    nan    nan    nan    nan]\n",
            " [   nan    nan    nan    nan    nan    nan]] \n",
            "\n",
            "L@u\n",
            " [[nan nan nan nan nan nan]\n",
            " [nan nan nan nan nan nan]\n",
            " [nan nan nan nan nan nan]\n",
            " [nan nan nan nan nan nan]\n",
            " [nan nan nan nan nan nan]\n",
            " [nan nan nan nan nan nan]] \n",
            "\n",
            "a2\n",
            " [[3.    3.    3.    3.    3.    3.   ]\n",
            " [3.    3.    1.364 1.071 0.882 0.75 ]\n",
            " [3.    1.364 0.882 0.652 0.517 0.429]\n",
            " [3.    1.071 0.652 0.469 0.366 0.3  ]\n",
            " [3.    0.882 0.517 0.366 0.283 0.231]\n",
            " [3.    0.75  0.429 0.3   0.231 0.188]] \n",
            "\n",
            "L@u - a1\n",
            " [[nan nan nan nan nan nan]\n",
            " [nan nan nan nan nan nan]\n",
            " [nan nan nan nan nan nan]\n",
            " [nan nan nan nan nan nan]\n",
            " [nan nan nan nan nan nan]\n",
            " [nan nan nan nan nan nan]] \n",
            "\n"
          ],
          "name": "stdout"
        },
        {
          "output_type": "stream",
          "text": [
            "/usr/local/lib/python3.7/dist-packages/ipykernel_launcher.py:15: RuntimeWarning: divide by zero encountered in true_divide\n",
            "  from ipykernel import kernelapp as app\n",
            "/usr/local/lib/python3.7/dist-packages/ipykernel_launcher.py:17: RuntimeWarning: invalid value encountered in multiply\n",
            "/usr/local/lib/python3.7/dist-packages/ipykernel_launcher.py:15: RuntimeWarning: invalid value encountered in true_divide\n",
            "  from ipykernel import kernelapp as app\n",
            "/usr/local/lib/python3.7/dist-packages/ipykernel_launcher.py:8: RuntimeWarning: invalid value encountered in matmul\n",
            "  \n",
            "/usr/local/lib/python3.7/dist-packages/ipykernel_launcher.py:12: RuntimeWarning: invalid value encountered in matmul\n",
            "  if sys.path[0] == '':\n"
          ],
          "name": "stderr"
        }
      ]
    },
    {
      "cell_type": "code",
      "metadata": {
        "colab": {
          "base_uri": "https://localhost:8080/",
          "height": 364
        },
        "id": "fhVlk2aj1Ux5",
        "outputId": "c51a9e53-aa27-4c21-a318-73b57bd2d9e8"
      },
      "source": [
        "a2 = np.array([[4,3,1], [5.0,7.0,0], [9,9,3],[8,2,4]])\n",
        "\n",
        "L, u, = diy_lu_column_pivot_reconstruct(a2)\n",
        "\n",
        "print(\"L\\n\",L, \"\\n\")\n",
        "print(\"u\\n\",u, \"\\n\")\n",
        "print(\"L@u\\n\", L@u, \"\\n\")\n",
        "print(\"a2\\n\",a2, \"\\n\")\n",
        "\n",
        "# Quick sanity check: L times U must equal the original matrix, up to floating-point errors.\n",
        "print(\"L@u - a2\\n\",L@u - a2, \"\\n\")"
      ],
      "execution_count": null,
      "outputs": [
        {
          "output_type": "error",
          "ename": "IndexError",
          "evalue": "ignored",
          "traceback": [
            "\u001b[0;31m---------------------------------------------------------------------------\u001b[0m",
            "\u001b[0;31mIndexError\u001b[0m                                Traceback (most recent call last)",
